295
292
290
296
309
320
336
282
276
272
292
295
315
363
356
369
338
346
345
363
354
334
338
337
368
355
374
337
357
373
359
377
378
391
408
426
392
388
335
353
324
327
348
355
369
381
398
386
406
389
365
387
357
378
384
355
359
382
347
354
341
325
340
344
339
348
345
342
360
338
342
373
350
360
361
359
379
351
353
372
360
341
365
369
383
391
373
376
372
374
337
371
336
353
392
379
376
372
382
379
400
383
380
394
402
398
376
378
350
377
335
331
327
296
309
320
336
282
276
272
292
295
315
363
356
369
338
346
345
363
354
334
338
337
368
355
374
337
357
373
359
377
378
391
408
426
392
388
335
353
324
327
348
355
369
381
398
386
406
389
365
387
357
378
384
355
359
382
347
354
341
325
340
344
339
348
345
342
360
338
342
373
350
360
361
359
379
351
353
372
360
341
365
369
383
391
373
376
372
374
337
371
336
353
392
379
376
372
382
379
400
383
380
394
402
398
376
378
350
377
335
331
327
296
309
320
336
282
276
272
292
295
315
363
356
369
338
346
345
363
354
334
338
337
368
355
374
337
357
373
359
377
378
391
408
426
392
388
335
353
324
327
348
355
369
381
398
386
406
389
365
387
357
378
384
355
359
382
347
354
341
325
340
344
339
348
345
342
360
338
342
373
350
360
361
359
379
351
353
372
360
341
365
369
383
391
373
376
372
374
337
371
336
353
392
379
376
372
382
379
400
383
380
394
402
398
376
378
350
377
335
331
327
296
309
320
336
282
276
272
292
295
315
363
356
369
338
346
345
363
354
334
338
337
368
355
374
337
357
373
359
377
378
391
408
426
392
388
335
353
324
327
348
355
369
381
398
386
406
389
365
387
357
378
384
355
359
382
347
354
341
325
340
344
339
348
345
342
360
338
342
373
350
360
361
359
379
351
353
372
360
341
365
369
383
391
373
376
372
374
337
371
336
353
392
379
376
372
382
379
400
383
380
394
402
398
376
378
350
377
335
331
327
296
309
320
336
282
276
272
292
295
315
363
356
369
338
346
345
363
354
334
338
337
368
355
374
337
357
373
359
377
378
391
408
426
392
388
335
353
324
327
348
355
369
381
398
386
406
389
365
387
357
378
384
355
359
382
347
354
341
325
340
344
339
348
345
